57.740, 17.067, 0.000
68.652, 77.256, 0.000
52.908, 24.256, 0.000
67.119, 47.255, 0.000
78.911, 82.686, 0.000
3.407, 24.422, 0.000
93.312, 10.333, 0.000
89.130, 76.419, 0.000
10.994, 9.722, 0.000
74.347, 1.179, 0.000
86.119, 93.865, 0.000
43.302, 85.592, 0.000
68.917, 7.013, 0.000
33.616, 82.806, 0.000
57.778, 45.796, 0.000
74.302, 34.712, 0.000
22.413, 4.958, 0.000
12.670, 5.528, 0.000
26.076, 7.313, 0.000
99.866, 31.569, 0.000
61.557, 77.144, 0.000
99.112, 28.215, 0.000
59.143, 24.771, 0.000
8.309, 71.111, 0.000
75.405, 92.595, 0.000
70.475, 88.182, 0.000
9.870, 23.242, 0.000
4.206, 21.033, 0.000
90.712, 93.279, 0.000
78.662, 17.391, 0.000
26.478, 56.543, 0.000
28.568, 95.600, 0.000
80.437, 8.110, 0.000
45.068, 30.447, 0.000
57.819, 98.360, 0.000
25.825, 98.257, 0.000
19.962, 39.228, 0.000
16.075, 6.355, 0.000
44.563, 57.554, 0.000
9.443, 60.582, 0.000
85.039, 51.305, 0.000
22.396, 61.978, 0.000
45.195, 58.898, 0.000
10.108, 77.287, 0.000
60.548, 60.805, 0.000
39.959, 96.332, 0.000
63.427, 20.932, 0.000
56.775, 71.358, 0.000
70.626, 76.780, 0.000
58.452, 85.736, 0.000
45.385, 35.014, 0.000
21.084, 91.868, 0.000
62.816, 71.460, 0.000
46.317, 88.266, 0.000
7.817, 37.130, 0.000
43.943, 40.337, 0.000
44.396, 10.909, 0.000
80.753, 29.396, 0.000
58.591, 29.041, 0.000
17.665, 34.101, 0.000
82.737, 41.105, 0.000
95.409, 92.667, 0.000
86.697, 23.374, 0.000
8.816, 36.564, 0.000
48.639, 10.809, 0.000
76.374, 51.068, 0.000
26.131, 79.986, 0.000
12.631, 53.660, 0.000
51.811, 25.778, 0.000
36.030, 21.116, 0.000
0.419, 74.542, 0.000
5.113, 34.292, 0.000
21.171, 95.443, 0.000
58.938, 82.174, 0.000
83.295, 83.601, 0.000
20.332, 19.663, 0.000
37.120, 71.212, 0.000
76.930, 24.546, 0.000
33.825, 15.358, 0.000
9.598, 34.138, 0.000
29.863, 24.910, 0.000
72.484, 0.220, 0.000
49.409, 25.702, 0.000
34.184, 57.165, 0.000
81.324, 79.340, 0.000
9.474, 97.810, 0.000
16.285, 4.983, 0.000
15.623, 7.166, 0.000
46.333, 37.592, 0.000
45.263, 54.004, 0.000
15.431, 37.312, 0.000
75.292, 58.764, 0.000
92.964, 4.948, 0.000
31.681, 59.769, 0.000
41.996, 58.454, 0.000
43.698, 58.514, 0.000
11.579, 31.503, 0.000
78.678, 87.394, 0.000
55.716, 93.932, 0.000
79.763, 77.071, 0.000
