30.184, 89.630, 0.000
73.088, 98.838, 0.000
65.575, 95.903, 0.000
41.090, 6.467, 0.000
62.098, 40.489, 0.000
33.740, 40.565, 0.000
30.740, 52.411, 0.000
78.137, 21.364, 0.000
14.299, 26.363, 0.000
17.628, 53.358, 0.000
83.346, 92.463, 0.000
84.934, 31.538, 0.000
43.766, 62.283, 0.000
9.657, 91.708, 0.000
27.913, 86.848, 0.000
4.430, 94.381, 0.000
68.623, 65.790, 0.000
52.681, 7.760, 0.000
81.178, 62.069, 0.000
43.552, 51.257, 0.000
79.713, 98.388, 0.000
75.782, 37.702, 0.000
63.238, 98.479, 0.000
98.599, 79.284, 0.000
70.227, 51.463, 0.000
21.372, 65.589, 0.000
65.364, 10.396, 0.000
69.163, 44.370, 0.000
39.992, 8.560, 0.000
91.867, 34.126, 0.000
17.818, 98.322, 0.000
94.192, 73.952, 0.000
15.217, 36.756, 0.000
68.087, 34.414, 0.000
92.712, 37.645, 0.000
21.850, 23.941, 0.000
2.622, 70.921, 0.000
77.203, 76.061, 0.000
41.650, 10.747, 0.000
36.018, 62.411, 0.000
39.989, 29.193, 0.000
68.369, 7.511, 0.000
93.860, 62.757, 0.000
20.710, 42.276, 0.000
43.017, 42.946, 0.000
97.793, 91.267, 0.000
89.933, 77.329, 0.000
33.107, 86.342, 0.000
78.491, 41.282, 0.000
42.961, 10.088, 0.000
48.049, 43.587, 0.000
81.642, 74.421, 0.000
16.496, 44.829, 0.000
15.523, 82.051, 0.000
54.703, 77.372, 0.000
54.800, 33.874, 0.000
24.091, 29.341, 0.000
39.975, 59.340, 0.000
54.021, 36.369, 0.000
93.712, 67.437, 0.000
59.452, 55.579, 0.000
12.903, 24.404, 0.000
43.925, 96.979, 0.000
89.731, 70.812, 0.000
79.321, 10.163, 0.000
64.155, 48.380, 0.000
63.956, 75.996, 0.000
40.670, 6.275, 0.000
52.628, 34.462, 0.000
18.409, 61.931, 0.000
73.914, 3.729, 0.000
29.472, 8.189, 0.000
85.252, 38.780, 0.000
74.236, 66.539, 0.000
6.337, 58.825, 0.000
98.450, 69.640, 0.000
18.248, 4.144, 0.000
58.567, 52.194, 0.000
58.173, 0.813, 0.000
99.808, 3.277, 0.000
52.521, 12.854, 0.000
51.303, 48.920, 0.000
28.665, 80.199, 0.000
10.431, 45.703, 0.000
15.020, 0.988, 0.000
0.822, 87.940, 0.000
58.153, 2.168, 0.000
18.044, 4.484, 0.000
16.569, 90.439, 0.000
8.129, 10.530, 0.000
74.706, 2.757, 0.000
48.023, 1.995, 0.000
78.401, 42.943, 0.000
20.932, 69.046, 0.000
29.612, 48.950, 0.000
14.584, 17.945, 0.000
31.494, 5.717, 0.000
76.409, 26.840, 0.000
21.877, 95.361, 0.000
22.386, 47.649, 0.000
